1	2012	1
27	2012	4
28	2012	5
29	2012	10
30	2012	1
31	2012	5
32	2012	7
33	2012	1
34	2012	10
35	2012	7
36	2012	1
37	2012	7
38	2012	8
39	2012	9
40	2012	2
41	2012	3
42	2012	8
43	2012	7
44	2012	3
45	2012	2
46	2012	4
47	2012	4
48	2012	2
49	2012	1
50	2012	8
51	2012	6
52	2012	11
1	2013	11
2	2013	3
3	2013	5
4	2013	4
5	2013	9
6	2013	4
7	2013	5
8	2013	6
9	2013	10
10	2013	5
11	2013	6
12	2013	3
13	2013	3
14	2013	7
15	2013	1
16	2013	3
17	2013	3
18	2013	3
19	2013	4
20	2013	6
21	2013	2
22	2013	4
23	2013	3
24	2013	10
25	2013	3
26	2013	6
27	2013	6
28	2013	3
29	2013	2
30	2013	9
31	2013	7
32	2013	8
33	2013	10
34	2013	9
35	2013	5
36	2013	5
37	2013	8
38	2013	5
39	2013	8
40	2013	5
41	2013	6
42	2013	4
43	2013	4
44	2013	6
45	2013	8
46	2013	8
47	2013	6
48	2013	12
49	2013	5
50	2013	6
51	2013	8
52	2013	5
1	2014	8
2	2014	7
3	2014	5
4	2014	3
5	2014	3
6	2014	4
7	2014	3
8	2014	5
9	2014	1
10	2014	5
11	2014	2
12	2014	5
13	2014	5
14	2014	9
15	2014	3
16	2014	3
17	2014	4
18	2014	6
19	2014	6
20	2014	4
21	2014	10
22	2014	3
23	2014	8
24	2014	7
25	2014	3
26	2014	4
27	2014	7
28	2014	4
29	2014	7
30	2014	8
31	2014	8
32	2014	2
33	2014	4
34	2014	3
35	2014	8
36	2014	8
37	2014	5
38	2014	6
39	2014	8
40	2014	3
41	2014	5
42	2014	4
43	2014	5
44	2014	5
45	2014	10
46	2014	5
47	2014	4
48	2014	6
49	2014	4
50	2014	3
51	2014	2
52	2014	2
1	2015	3
2	2015	4
3	2015	4
4	2015	3
5	2015	2
6	2015	2
7	2015	3
8	2015	7
9	2015	5
10	2015	2
11	2015	1
12	2015	7
13	2015	2
14	2015	8
15	2015	2
16	2015	3
17	2015	5
18	2015	5
19	2015	6
20	2015	7
21	2015	5
22	2015	9
23	2015	5
24	2015	3
25	2015	3
26	2015	7
27	2015	8
28	2015	5
29	2015	4
30	2015	3
31	2015	4
32	2015	6
33	2015	3
34	2015	6
35	2015	5
36	2015	2
37	2015	5
38	2015	3
39	2015	4
40	2015	2
41	2015	6
42	2015	9
43	2015	6
44	2015	4
45	2015	7
46	2015	5
47	2015	4
48	2015	6
49	2015	10
50	2015	4
51	2015	6
52	2015	3
1	2016	5
2	2016	6
3	2016	4
4	2016	2
5	2016	3
6	2016	5
7	2016	4
8	2016	6
9	2016	3
10	2016	3
11	2016	3
12	2016	3
14	2016	5
15	2016	3
16	2016	2
17	2016	4
18	2016	6
19	2016	6
20	2016	4
21	2016	3
22	2016	2
23	2016	5
24	2016	13
25	2016	3
26	2016	10
27	2016	5
28	2016	5
29	2016	2
30	2016	2
31	2016	5
32	2016	6
33	2016	4
34	2016	5
35	2016	10
36	2016	3
37	2016	3
38	2016	3
39	2016	6
40	2016	5
41	2016	7
42	2016	5
43	2016	3
44	2016	4
45	2016	5
46	2016	6
47	2016	1
48	2016	3
49	2016	5
50	2016	4
51	2016	2
52	2016	7
1	2017	1
52	2017	4
